image: racecar_test3.pgm
resolution: 0.050000
origin: [-6.177701, -16.702545, 0.000000]
negate: 0
occupied_thresh: 0.65
free_thresh: 0.196

